Running 30s test @ http://ms0941.utah.cloudlab.us:8080/wrk2-api/post/compose
  2 threads and 10 connections

  Thread calibration: mean lat.: 227.520ms, rate sampling interval: 458ms
  Thread calibration: mean lat.: 227.655ms, rate sampling interval: 462ms

-----------------------------------------------------------------------
Test Results @ http://ms0941.utah.cloudlab.us:8080/wrk2-api/post/compose 
  Thread Stats   Avg      Stdev     99%   +/- Stdev
    Latency   227.48ms    3.19ms 240.13ms   86.17%
    Req/Sec    48.60      9.28    69.00     72.09%
  Latency Distribution (HdrHistogram - Recorded Latency)
 50.000%  226.94ms
 75.000%  228.22ms
 90.000%  229.76ms
 99.000%  240.13ms
 99.900%  251.26ms
 99.990%  253.31ms
 99.999%  253.31ms
100.000%  253.31ms

  Detailed Percentile spectrum:
       Value   Percentile   TotalCount 1/(1-Percentile)

     221.823     0.000000            1         1.00
     224.895     0.100000          205         1.11
     225.535     0.200000          392         1.25
     226.047     0.300000          592         1.43
     226.559     0.400000          839         1.67
     226.943     0.500000         1007         2.00
     227.199     0.550000         1109         2.22
     227.455     0.600000         1212         2.50
     227.711     0.650000         1324         2.86
     227.839     0.700000         1376         3.33
     228.223     0.750000         1493         4.00
     228.351     0.775000         1528         4.44
     228.479     0.800000         1568         5.00
     228.735     0.825000         1632         5.71
     228.991     0.850000         1669         6.67
     229.375     0.875000         1735         8.00
     229.503     0.887500         1750         8.89
     229.759     0.900000         1770        10.00
     230.143     0.912500         1792        11.43
     230.911     0.925000         1813        13.33
     232.831     0.937500         1839        16.00
     233.471     0.943750         1851        17.78
     233.983     0.950000         1862        20.00
     235.263     0.956250         1875        22.86
     235.903     0.962500         1888        26.67
     236.799     0.968750         1900        32.00
     237.311     0.971875         1905        35.56
     237.695     0.975000         1912        40.00
     238.207     0.978125         1919        45.71
     238.719     0.981250         1926        53.33
     238.975     0.984375         1931        64.00
     239.359     0.985938         1934        71.11
     239.871     0.987500         1937        80.00
     240.127     0.989062         1942        91.43
     240.127     0.990625         1942       106.67
     240.383     0.992188         1945       128.00
     241.023     0.992969         1947       142.22
     241.663     0.993750         1948       160.00
     242.175     0.994531         1950       182.86
     243.071     0.995313         1951       213.33
     244.479     0.996094         1953       256.00
     244.735     0.996484         1954       284.44
     244.735     0.996875         1954       320.00
     245.375     0.997266         1955       365.71
     246.527     0.997656         1956       426.67
     250.111     0.998047         1957       512.00
     250.111     0.998242         1957       568.89
     250.111     0.998437         1957       640.00
     251.263     0.998633         1958       731.43
     251.263     0.998828         1958       853.33
     253.055     0.999023         1959      1024.00
     253.055     0.999121         1959      1137.78
     253.055     0.999219         1959      1280.00
     253.055     0.999316         1959      1462.86
     253.055     0.999414         1959      1706.67
     253.311     0.999512         1960      2048.00
     253.311     1.000000         1960          inf
#[Mean    =      227.477, StdDeviation   =        3.186]
#[Max     =      253.184, Total count    =         1960]
#[Buckets =           27, SubBuckets     =         2048]
-----------------------------------------------------------------------
  2974 requests in 30.01s, 624.42KB read
Requests/sec:     99.11  
Transfer/sec:     20.81KB
