Running 30s test @ http://ms0941.utah.cloudlab.us:8080/wrk2-api/post/compose
  2 threads and 20 connections

  Thread calibration: mean lat.: 227.321ms, rate sampling interval: 458ms
  Thread calibration: mean lat.: 227.138ms, rate sampling interval: 457ms

-----------------------------------------------------------------------
Test Results @ http://ms0941.utah.cloudlab.us:8080/wrk2-api/post/compose 
  Thread Stats   Avg      Stdev     99%   +/- Stdev
    Latency   227.23ms    2.40ms 238.85ms   87.10%
    Req/Sec    48.49      8.95    70.00     73.26%
  Latency Distribution (HdrHistogram - Recorded Latency)
 50.000%  227.07ms
 75.000%  227.97ms
 90.000%  228.86ms
 99.000%  238.85ms
 99.900%  243.33ms
 99.990%  250.49ms
 99.999%  250.49ms
100.000%  250.49ms

  Detailed Percentile spectrum:
       Value   Percentile   TotalCount 1/(1-Percentile)

     222.463     0.000000            1         1.00
     225.151     0.100000          205         1.11
     225.791     0.200000          412         1.25
     226.303     0.300000          629         1.43
     226.687     0.400000          822         1.67
     227.071     0.500000         1033         2.00
     227.199     0.550000         1105         2.22
     227.327     0.600000         1178         2.50
     227.583     0.650000         1317         2.86
     227.711     0.700000         1385         3.33
     227.967     0.750000         1498         4.00
     228.095     0.775000         1554         4.44
     228.223     0.800000         1606         5.00
     228.351     0.825000         1646         5.71
     228.479     0.850000         1686         6.67
     228.607     0.875000         1718         8.00
     228.735     0.887500         1751         8.89
     228.863     0.900000         1777        10.00
     228.991     0.912500         1796        11.43
     229.119     0.925000         1816        13.33
     229.375     0.937500         1843        16.00
     229.631     0.943750         1856        17.78
     229.887     0.950000         1865        20.00
     230.911     0.956250         1877        22.86
     232.447     0.962500         1891        26.67
     233.471     0.968750         1902        32.00
     233.855     0.971875         1907        35.56
     234.495     0.975000         1914        40.00
     235.263     0.978125         1920        45.71
     236.927     0.981250         1927        53.33
     237.439     0.984375         1932        64.00
     237.695     0.985938         1935        71.11
     238.207     0.987500         1938        80.00
     238.719     0.989062         1941        91.43
     238.975     0.990625         1944       106.67
     239.231     0.992188         1947       128.00
     239.487     0.992969         1949       142.22
     239.615     0.993750         1950       160.00
     240.255     0.994531         1952       182.86
     240.383     0.995313         1954       213.33
     240.511     0.996094         1955       256.00
     240.639     0.996484         1956       284.44
     240.639     0.996875         1956       320.00
     240.767     0.997266         1957       365.71
     241.535     0.997656         1958       426.67
     242.175     0.998047         1959       512.00
     242.175     0.998242         1959       568.89
     242.175     0.998437         1959       640.00
     243.327     0.998633         1960       731.43
     243.327     0.998828         1960       853.33
     246.015     0.999023         1961      1024.00
     246.015     0.999121         1961      1137.78
     246.015     0.999219         1961      1280.00
     246.015     0.999316         1961      1462.86
     246.015     0.999414         1961      1706.67
     250.495     0.999512         1962      2048.00
     250.495     1.000000         1962          inf
#[Mean    =      227.233, StdDeviation   =        2.403]
#[Max     =      250.368, Total count    =         1962]
#[Buckets =           27, SubBuckets     =         2048]
-----------------------------------------------------------------------
  2977 requests in 30.01s, 625.05KB read
Requests/sec:     99.19  
Transfer/sec:     20.83KB
