Running 30s test @ http://ms0941.utah.cloudlab.us:8080/wrk2-api/post/compose
  2 threads and 20 connections

  Thread calibration: mean lat.: 1859.295ms, rate sampling interval: 6225ms
  Thread calibration: mean lat.: 1762.420ms, rate sampling interval: 5980ms

-----------------------------------------------------------------------
Test Results @ http://ms0941.utah.cloudlab.us:8080/wrk2-api/post/compose 
  Thread Stats   Avg      Stdev     99%   +/- Stdev
    Latency     6.47s     1.79s    9.57s    60.13%
    Req/Sec   339.17     11.20   358.00     83.33%
  Latency Distribution (HdrHistogram - Recorded Latency)
 50.000%    6.75s 
 75.000%    7.92s 
 90.000%    8.75s 
 99.000%    9.57s 
 99.900%   10.00s 
 99.990%   10.24s 
 99.999%   10.26s 
100.000%   10.26s 

  Detailed Percentile spectrum:
       Value   Percentile   TotalCount 1/(1-Percentile)

    2244.607     0.000000            1         1.00
    3887.103     0.100000         1350         1.11
    4575.231     0.200000         2710         1.25
    5386.239     0.300000         4055         1.43
    6119.423     0.400000         5399         1.67
    6750.207     0.500000         6753         2.00
    6963.199     0.550000         7430         2.22
    7188.479     0.600000         8106         2.50
    7364.607     0.650000         8782         2.86
    7593.983     0.700000         9452         3.33
    7921.663     0.750000        10130         4.00
    8073.215     0.775000        10460         4.44
    8204.287     0.800000        10798         5.00
    8314.879     0.825000        11136         5.71
    8454.143     0.850000        11479         6.67
    8585.215     0.875000        11817         8.00
    8667.135     0.887500        11980         8.89
    8749.055     0.900000        12161        10.00
    8830.975     0.912500        12320        11.43
    8896.511     0.925000        12487        13.33
    8986.623     0.937500        12661        16.00
    9043.967     0.943750        12742        17.78
    9101.311     0.950000        12825        20.00
    9158.655     0.956250        12908        22.86
    9224.191     0.962500        13002        26.67
    9273.343     0.968750        13076        32.00
    9314.303     0.971875        13124        35.56
    9347.071     0.975000        13166        40.00
    9388.031     0.978125        13209        45.71
    9437.183     0.981250        13256        53.33
    9478.143     0.984375        13286        64.00
    9510.911     0.985938        13309        71.11
    9535.487     0.987500        13337        80.00
    9551.871     0.989062        13350        91.43
    9584.639     0.990625        13375       106.67
    9609.215     0.992188        13394       128.00
    9617.407     0.992969        13402       142.22
    9641.983     0.993750        13414       160.00
    9650.175     0.994531        13423       182.86
    9674.751     0.995313        13433       213.33
    9707.519     0.996094        13444       256.00
    9723.903     0.996484        13450       284.44
    9740.287     0.996875        13456       320.00
    9764.863     0.997266        13461       365.71
    9789.439     0.997656        13465       426.67
    9871.359     0.998047        13470       512.00
    9936.895     0.998242        13473       568.89
    9953.279     0.998437        13475       640.00
    9969.663     0.998633        13478       731.43
    9986.047     0.998828        13481       853.33
   10002.431     0.999023        13483      1024.00
   10027.007     0.999121        13486      1137.78
   10027.007     0.999219        13486      1280.00
   10067.967     0.999316        13487      1462.86
   10141.695     0.999414        13489      1706.67
   10174.463     0.999512        13490      2048.00
   10182.655     0.999561        13491      2275.56
   10182.655     0.999609        13491      2560.00
   10215.423     0.999658        13492      2925.71
   10231.807     0.999707        13494      3413.33
   10231.807     0.999756        13494      4096.00
   10231.807     0.999780        13494      4551.11
   10231.807     0.999805        13494      5120.00
   10231.807     0.999829        13494      5851.43
   10239.999     0.999854        13495      6826.67
   10239.999     0.999878        13495      8192.00
   10239.999     0.999890        13495      9102.22
   10239.999     0.999902        13495     10240.00
   10239.999     0.999915        13495     11702.86
   10256.383     0.999927        13496     13653.33
   10256.383     1.000000        13496          inf
#[Mean    =     6466.529, StdDeviation   =     1789.900]
#[Max     =    10248.192, Total count    =        13496]
#[Buckets =           27, SubBuckets     =         2048]
-----------------------------------------------------------------------
  20210 requests in 30.00s, 4.14MB read
Requests/sec:    673.61  
Transfer/sec:    141.43KB
