Running 30s test @ http://ms0941.utah.cloudlab.us:8080/wrk2-api/post/compose
  2 threads and 20 connections

  Thread calibration: mean lat.: 3400.158ms, rate sampling interval: 11747ms
  Thread calibration: mean lat.: 3398.070ms, rate sampling interval: 11624ms

-----------------------------------------------------------------------
Test Results @ http://ms0941.utah.cloudlab.us:8080/wrk2-api/post/compose 
  Thread Stats   Avg      Stdev     99%   +/- Stdev
    Latency    10.16s     2.06s   16.32s    68.26%
    Req/Sec   360.00      1.00   361.00    100.00%
  Latency Distribution (HdrHistogram - Recorded Latency)
 50.000%   10.04s 
 75.000%   11.21s 
 90.000%   12.89s 
 99.000%   16.32s 
 99.900%   17.47s 
 99.990%   17.66s 
 99.999%   17.69s 
100.000%   17.69s 

  Detailed Percentile spectrum:
       Value   Percentile   TotalCount 1/(1-Percentile)

    5914.623     0.000000            1         1.00
    7491.583     0.100000         1483         1.11
    8429.567     0.200000         2949         1.25
    9093.119     0.300000         4425         1.43
    9535.487     0.400000         5914         1.67
   10035.199     0.500000         7381         2.00
   10313.727     0.550000         8112         2.22
   10575.871     0.600000         8852         2.50
   10780.671     0.650000         9616         2.86
   10977.279     0.700000        10347         3.33
   11206.655     0.750000        11066         4.00
   11378.687     0.775000        11433         4.44
   11608.063     0.800000        11801         5.00
   11943.935     0.825000        12166         5.71
   12304.383     0.850000        12537         6.67
   12574.719     0.875000        12904         8.00
   12713.983     0.887500        13087         8.89
   12894.207     0.900000        13280        10.00
   13049.855     0.912500        13458        11.43
   13205.503     0.925000        13645        13.33
   13369.343     0.937500        13827        16.00
   13467.647     0.943750        13925        17.78
   13574.143     0.950000        14012        20.00
   13721.599     0.956250        14100        22.86
   14180.351     0.962500        14194        26.67
   14852.095     0.968750        14285        32.00
   14999.551     0.971875        14332        35.56
   15138.815     0.975000        14377        40.00
   15269.887     0.978125        14424        45.71
   15384.575     0.981250        14472        53.33
   15540.223     0.984375        14515        64.00
   15646.719     0.985938        14539        71.11
   15777.791     0.987500        14563        80.00
   16121.855     0.989062        14584        91.43
   16441.343     0.990625        14609       106.67
   16809.983     0.992188        14632       128.00
   17006.591     0.992969        14646       142.22
   17039.359     0.993750        14654       160.00
   17104.895     0.994531        14665       182.86
   17170.431     0.995313        14676       213.33
   17235.967     0.996094        14690       256.00
   17268.735     0.996484        14696       284.44
   17285.119     0.996875        14699       320.00
   17317.887     0.997266        14705       365.71
   17350.655     0.997656        14712       426.67
   17383.423     0.998047        14719       512.00
   17399.807     0.998242        14720       568.89
   17416.191     0.998437        14723       640.00
   17432.575     0.998633        14725       731.43
   17465.343     0.998828        14730       853.33
   17498.111     0.999023        14731      1024.00
   17514.495     0.999121        14733      1137.78
   17530.879     0.999219        14734      1280.00
   17547.263     0.999316        14736      1462.86
   17563.647     0.999414        14738      1706.67
   17563.647     0.999512        14738      2048.00
   17596.415     0.999561        14740      2275.56
   17596.415     0.999609        14740      2560.00
   17596.415     0.999658        14740      2925.71
   17612.799     0.999707        14742      3413.33
   17612.799     0.999756        14742      4096.00
   17612.799     0.999780        14742      4551.11
   17645.567     0.999805        14743      5120.00
   17645.567     0.999829        14743      5851.43
   17645.567     0.999854        14743      6826.67
   17661.951     0.999878        14744      8192.00
   17661.951     0.999890        14744      9102.22
   17661.951     0.999902        14744     10240.00
   17661.951     0.999915        14744     11702.86
   17661.951     0.999927        14744     13653.33
   17694.719     0.999939        14745     16384.00
   17694.719     1.000000        14745          inf
#[Mean    =    10155.658, StdDeviation   =     2063.089]
#[Max     =    17678.336, Total count    =        14745]
#[Buckets =           27, SubBuckets     =         2048]
-----------------------------------------------------------------------
  21950 requests in 30.00s, 4.50MB read
Requests/sec:    731.67  
Transfer/sec:    153.62KB
