Running 30s test @ http://ms0941.utah.cloudlab.us:8080/wrk2-api/post/compose
  2 threads and 20 connections

  Thread calibration: mean lat.: 229.173ms, rate sampling interval: 471ms
  Thread calibration: mean lat.: 228.744ms, rate sampling interval: 470ms

-----------------------------------------------------------------------
Test Results @ http://ms0941.utah.cloudlab.us:8080/wrk2-api/post/compose 
  Thread Stats   Avg      Stdev     99%   +/- Stdev
    Latency   228.72ms    5.41ms 251.26ms   87.61%
    Req/Sec   149.15     19.25   193.00     71.43%
  Latency Distribution (HdrHistogram - Recorded Latency)
 50.000%  227.20ms
 75.000%  229.63ms
 90.000%  234.62ms
 99.000%  251.26ms
 99.900%  271.61ms
 99.990%  279.30ms
 99.999%  283.39ms
100.000%  283.39ms

  Detailed Percentile spectrum:
       Value   Percentile   TotalCount 1/(1-Percentile)

     221.695     0.000000            1         1.00
     224.767     0.100000          637         1.11
     225.535     0.200000         1270         1.25
     226.047     0.300000         1807         1.43
     226.687     0.400000         2522         1.67
     227.199     0.500000         3034         2.00
     227.455     0.550000         3295         2.22
     227.839     0.600000         3604         2.50
     228.351     0.650000         3924         2.86
     228.863     0.700000         4188         3.33
     229.631     0.750000         4500         4.00
     230.015     0.775000         4628         4.44
     230.655     0.800000         4787         5.00
     231.295     0.825000         4927         5.71
     232.191     0.850000         5079         6.67
     233.215     0.875000         5225         8.00
     233.983     0.887500         5313         8.89
     234.623     0.900000         5379        10.00
     235.519     0.912500         5450        11.43
     236.543     0.925000         5528        13.33
     237.695     0.937500         5603        16.00
     238.207     0.943750         5638        17.78
     239.103     0.950000         5678        20.00
     239.871     0.956250         5715        22.86
     240.895     0.962500         5749        26.67
     242.303     0.968750         5791        32.00
     243.071     0.971875         5804        35.56
     243.839     0.975000         5823        40.00
     244.607     0.978125         5841        45.71
     246.015     0.981250         5862        53.33
     247.039     0.984375         5878        64.00
     248.063     0.985938         5891        71.11
     248.575     0.987500         5897        80.00
     249.855     0.989062         5906        91.43
     252.159     0.990625         5916       106.67
     254.335     0.992188         5926       128.00
     255.487     0.992969         5930       142.22
     256.383     0.993750         5935       160.00
     257.023     0.994531         5940       182.86
     258.303     0.995313         5944       213.33
     258.943     0.996094         5948       256.00
     260.735     0.996484         5951       284.44
     260.991     0.996875         5953       320.00
     262.015     0.997266         5956       365.71
     262.911     0.997656         5958       426.67
     264.703     0.998047         5960       512.00
     268.031     0.998242         5961       568.89
     269.311     0.998437         5962       640.00
     269.823     0.998633         5963       731.43
     271.615     0.998828         5965       853.33
     273.663     0.999023         5967      1024.00
     273.663     0.999121         5967      1137.78
     273.663     0.999219         5967      1280.00
     273.663     0.999316         5967      1462.86
     274.431     0.999414         5968      1706.67
     278.527     0.999512         5969      2048.00
     278.527     0.999561         5969      2275.56
     278.527     0.999609         5969      2560.00
     278.527     0.999658         5969      2925.71
     279.295     0.999707         5970      3413.33
     279.295     0.999756         5970      4096.00
     279.295     0.999780         5970      4551.11
     279.295     0.999805         5970      5120.00
     279.295     0.999829         5970      5851.43
     283.391     0.999854         5971      6826.67
     283.391     1.000000         5971          inf
#[Mean    =      228.717, StdDeviation   =        5.411]
#[Max     =      283.136, Total count    =         5971]
#[Buckets =           27, SubBuckets     =         2048]
-----------------------------------------------------------------------
  8897 requests in 30.01s, 1.82MB read
Requests/sec:    296.47  
Transfer/sec:     62.25KB
