Running 30s test @ http://ms0941.utah.cloudlab.us:8080/wrk2-api/post/compose
  2 threads and 20 connections

  Thread calibration: mean lat.: 234.766ms, rate sampling interval: 496ms
  Thread calibration: mean lat.: 235.727ms, rate sampling interval: 501ms

-----------------------------------------------------------------------
Test Results @ http://ms0941.utah.cloudlab.us:8080/wrk2-api/post/compose 
  Thread Stats   Avg      Stdev     99%   +/- Stdev
    Latency   234.74ms   12.02ms 282.11ms   87.15%
    Req/Sec   248.52     19.80   305.00     74.68%
  Latency Distribution (HdrHistogram - Recorded Latency)
 50.000%  230.53ms
 75.000%  238.21ms
 90.000%  249.73ms
 99.000%  282.11ms
 99.900%  304.38ms
 99.990%  312.32ms
 99.999%  334.08ms
100.000%  334.08ms

  Detailed Percentile spectrum:
       Value   Percentile   TotalCount 1/(1-Percentile)

     221.567     0.000000            1         1.00
     225.407     0.100000         1078         1.11
     226.559     0.200000         2064         1.25
     227.711     0.300000         3031         1.43
     228.991     0.400000         3994         1.67
     230.527     0.500000         4987         2.00
     231.551     0.550000         5524         2.22
     232.703     0.600000         5984         2.50
     234.111     0.650000         6496         2.86
     235.903     0.700000         6970         3.33
     238.207     0.750000         7486         4.00
     239.487     0.775000         7725         4.44
     240.895     0.800000         7973         5.00
     242.431     0.825000         8211         5.71
     244.479     0.850000         8463         6.67
     246.783     0.875000         8707         8.00
     248.319     0.887500         8835         8.89
     249.727     0.900000         8956        10.00
     251.519     0.912500         9083        11.43
     253.695     0.925000         9206        13.33
     256.255     0.937500         9331        16.00
     258.175     0.943750         9394        17.78
     259.455     0.950000         9453        20.00
     261.503     0.956250         9518        22.86
     264.191     0.962500         9582        26.67
     266.239     0.968750         9645        32.00
     267.775     0.971875         9677        35.56
     269.823     0.975000         9705        40.00
     271.615     0.978125         9735        45.71
     273.407     0.981250         9766        53.33
     276.479     0.984375         9795        64.00
     278.271     0.985938         9814        71.11
     279.807     0.987500         9826        80.00
     280.831     0.989062         9843        91.43
     283.391     0.990625         9857       106.67
     286.207     0.992188         9874       128.00
     287.999     0.992969         9881       142.22
     289.279     0.993750         9888       160.00
     290.815     0.994531         9896       182.86
     292.095     0.995313         9904       213.33
     294.143     0.996094         9912       256.00
     295.423     0.996484         9916       284.44
     296.447     0.996875         9919       320.00
     297.215     0.997266         9923       365.71
     298.239     0.997656         9928       426.67
     299.775     0.998047         9931       512.00
     300.799     0.998242         9933       568.89
     302.591     0.998437         9935       640.00
     302.847     0.998633         9937       731.43
     304.127     0.998828         9939       853.33
     304.639     0.999023         9941      1024.00
     304.895     0.999121         9942      1137.78
     308.223     0.999219         9943      1280.00
     309.503     0.999316         9944      1462.86
     310.527     0.999414         9945      1706.67
     311.295     0.999512         9946      2048.00
     311.295     0.999561         9946      2275.56
     311.551     0.999609         9947      2560.00
     311.551     0.999658         9947      2925.71
     312.063     0.999707         9948      3413.33
     312.063     0.999756         9948      4096.00
     312.063     0.999780         9948      4551.11
     312.319     0.999805         9949      5120.00
     312.319     0.999829         9949      5851.43
     312.319     0.999854         9949      6826.67
     312.319     0.999878         9949      8192.00
     312.319     0.999890         9949      9102.22
     334.079     0.999902         9950     10240.00
     334.079     1.000000         9950          inf
#[Mean    =      234.740, StdDeviation   =       12.019]
#[Max     =      333.824, Total count    =         9950]
#[Buckets =           27, SubBuckets     =         2048]
-----------------------------------------------------------------------
  14594 requests in 30.01s, 2.99MB read
Requests/sec:    486.38  
Transfer/sec:    102.12KB
