Running 30s test @ http://ms0941.utah.cloudlab.us:8080/wrk2-api/post/compose
  1 threads and 20 connections

  Thread calibration: mean lat.: 227.120ms, rate sampling interval: 457ms

-----------------------------------------------------------------------
Test Results @ http://ms0941.utah.cloudlab.us:8080/wrk2-api/post/compose 
  Thread Stats   Avg      Stdev     99%   +/- Stdev
    Latency   227.11ms    2.37ms 237.70ms   86.70%
    Req/Sec    97.63     11.32   120.00     67.44%
  Latency Distribution (HdrHistogram - Recorded Latency)
 50.000%  226.94ms
 75.000%  227.97ms
 90.000%  228.86ms
 99.000%  237.70ms
 99.900%  242.56ms
 99.990%  249.98ms
 99.999%  249.98ms
100.000%  249.98ms

  Detailed Percentile spectrum:
       Value   Percentile   TotalCount 1/(1-Percentile)

     221.567     0.000000            1         1.00
     225.023     0.100000          205         1.11
     225.663     0.200000          439         1.25
     226.175     0.300000          643         1.43
     226.559     0.400000          828         1.67
     226.943     0.500000         1025         2.00
     227.071     0.550000         1110         2.22
     227.327     0.600000         1229         2.50
     227.455     0.650000         1288         2.86
     227.711     0.700000         1402         3.33
     227.967     0.750000         1492         4.00
     228.095     0.775000         1550         4.44
     228.223     0.800000         1608         5.00
     228.351     0.825000         1656         5.71
     228.479     0.850000         1698         6.67
     228.607     0.875000         1735         8.00
     228.735     0.887500         1762         8.89
     228.863     0.900000         1787        10.00
     228.991     0.912500         1807        11.43
     229.119     0.925000         1822        13.33
     229.375     0.937500         1843        16.00
     229.631     0.943750         1854        17.78
     230.271     0.950000         1864        20.00
     230.783     0.956250         1878        22.86
     231.935     0.962500         1889        26.67
     232.959     0.968750         1903        32.00
     233.343     0.971875         1907        35.56
     233.983     0.975000         1913        40.00
     235.135     0.978125         1920        45.71
     235.903     0.981250         1926        53.33
     236.287     0.984375         1932        64.00
     236.671     0.985938         1936        71.11
     236.927     0.987500         1938        80.00
     237.439     0.989062         1941        91.43
     238.719     0.990625         1944       106.67
     239.359     0.992188         1947       128.00
     239.615     0.992969         1949       142.22
     239.871     0.993750         1950       160.00
     240.127     0.994531         1952       182.86
     240.255     0.995313         1953       213.33
     240.511     0.996094         1955       256.00
     240.639     0.996484         1956       284.44
     240.639     0.996875         1956       320.00
     240.895     0.997266         1958       365.71
     240.895     0.997656         1958       426.67
     241.535     0.998047         1959       512.00
     241.535     0.998242         1959       568.89
     241.535     0.998437         1959       640.00
     242.559     0.998633         1960       731.43
     242.559     0.998828         1960       853.33
     245.631     0.999023         1961      1024.00
     245.631     0.999121         1961      1137.78
     245.631     0.999219         1961      1280.00
     245.631     0.999316         1961      1462.86
     245.631     0.999414         1961      1706.67
     249.983     0.999512         1962      2048.00
     249.983     1.000000         1962          inf
#[Mean    =      227.111, StdDeviation   =        2.372]
#[Max     =      249.856, Total count    =         1962]
#[Buckets =           27, SubBuckets     =         2048]
-----------------------------------------------------------------------
  2977 requests in 30.01s, 625.05KB read
Requests/sec:     99.21  
Transfer/sec:     20.83KB
