Running 30s test @ http://localhost:8080/wrk2-api/post/compose
  2 threads and 10 connections

  Thread calibration: mean lat.: 12.966ms, rate sampling interval: 28ms
  Thread calibration: mean lat.: 12.988ms, rate sampling interval: 29ms

-----------------------------------------------------------------------
Test Results @ http://localhost:8080/wrk2-api/post/compose 
  Thread Stats   Avg      Stdev     99%   +/- Stdev
    Latency    13.18ms    2.97ms  25.18ms   88.08%
    Req/Sec    49.65     42.36   172.00     57.98%
  Latency Distribution (HdrHistogram - Recorded Latency)
 50.000%   12.55ms
 75.000%   13.45ms
 90.000%   15.45ms
 99.000%   25.18ms
 99.900%   33.53ms
 99.990%   34.65ms
 99.999%   34.65ms
100.000%   34.65ms

  Detailed Percentile spectrum:
       Value   Percentile   TotalCount 1/(1-Percentile)

       9.079     0.000000            1         1.00
      10.935     0.100000          197         1.11
      11.471     0.200000          393         1.25
      11.911     0.300000          589         1.43
      12.247     0.400000          786         1.67
      12.551     0.500000          983         2.00
      12.727     0.550000         1084         2.22
      12.887     0.600000         1179         2.50
      13.039     0.650000         1276         2.86
      13.247     0.700000         1377         3.33
      13.463     0.750000         1475         4.00
      13.551     0.775000         1527         4.44
      13.703     0.800000         1571         5.00
      13.871     0.825000         1620         5.71
      14.047     0.850000         1670         6.67
      14.367     0.875000         1719         8.00
      14.591     0.887500         1743         8.89
      15.447     0.900000         1767        10.00
      16.231     0.912500         1792        11.43
      17.263     0.925000         1816        13.33
      18.463     0.937500         1841        16.00
      19.231     0.943750         1853        17.78
      19.919     0.950000         1866        20.00
      20.879     0.956250         1878        22.86
      21.599     0.962500         1890        26.67
      22.575     0.968750         1902        32.00
      22.687     0.971875         1908        35.56
      23.039     0.975000         1914        40.00
      23.391     0.978125         1921        45.71
      23.759     0.981250         1927        53.33
      24.367     0.984375         1933        64.00
      24.767     0.985938         1936        71.11
      24.879     0.987500         1939        80.00
      25.055     0.989062         1942        91.43
      25.327     0.990625         1945       106.67
      26.111     0.992188         1948       128.00
      26.351     0.992969         1950       142.22
      26.639     0.993750         1951       160.00
      27.071     0.994531         1953       182.86
      27.663     0.995313         1954       213.33
      29.023     0.996094         1956       256.00
      29.423     0.996484         1957       284.44
      29.423     0.996875         1957       320.00
      30.847     0.997266         1958       365.71
      31.967     0.997656         1959       426.67
      32.511     0.998047         1960       512.00
      32.511     0.998242         1960       568.89
      32.511     0.998437         1960       640.00
      33.535     0.998633         1961       731.43
      33.535     0.998828         1961       853.33
      33.855     0.999023         1962      1024.00
      33.855     0.999121         1962      1137.78
      33.855     0.999219         1962      1280.00
      33.855     0.999316         1962      1462.86
      33.855     0.999414         1962      1706.67
      34.655     0.999512         1963      2048.00
      34.655     1.000000         1963          inf
#[Mean    =       13.176, StdDeviation   =        2.972]
#[Max     =       34.624, Total count    =         1963]
#[Buckets =           27, SubBuckets     =         2048]
-----------------------------------------------------------------------
  2999 requests in 30.00s, 629.67KB read
Requests/sec:     99.96  
Transfer/sec:     20.99KB
