Running 30s test @ http://localhost:8080/wrk2-api/post/compose
  2 threads and 20 connections

  Thread calibration: mean lat.: 12.638ms, rate sampling interval: 27ms
  Thread calibration: mean lat.: 12.737ms, rate sampling interval: 27ms

-----------------------------------------------------------------------
Test Results @ http://localhost:8080/wrk2-api/post/compose 
  Thread Stats   Avg      Stdev     99%   +/- Stdev
    Latency    12.71ms    2.21ms  23.63ms   88.58%
    Req/Sec    49.76     42.41   153.00     58.98%
  Latency Distribution (HdrHistogram - Recorded Latency)
 50.000%   12.42ms
 75.000%   13.23ms
 90.000%   14.00ms
 99.000%   23.63ms
 99.900%   31.01ms
 99.990%   35.62ms
 99.999%   35.62ms
100.000%   35.62ms

  Detailed Percentile spectrum:
       Value   Percentile   TotalCount 1/(1-Percentile)

       8.927     0.000000            1         1.00
      10.911     0.100000          200         1.11
      11.439     0.200000          397         1.25
      11.823     0.300000          591         1.43
      12.151     0.400000          796         1.67
      12.423     0.500000          984         2.00
      12.575     0.550000         1079         2.22
      12.735     0.600000         1179         2.50
      12.903     0.650000         1276         2.86
      13.055     0.700000         1376         3.33
      13.231     0.750000         1471         4.00
      13.327     0.775000         1520         4.44
      13.447     0.800000         1571         5.00
      13.575     0.825000         1620         5.71
      13.703     0.850000         1670         6.67
      13.847     0.875000         1716         8.00
      13.927     0.887500         1745         8.89
      13.999     0.900000         1765        10.00
      14.175     0.912500         1792        11.43
      14.351     0.925000         1814        13.33
      14.679     0.937500         1839        16.00
      14.871     0.943750         1851        17.78
      15.055     0.950000         1863        20.00
      15.991     0.956250         1876        22.86
      16.735     0.962500         1888        26.67
      17.727     0.968750         1900        32.00
      18.623     0.971875         1906        35.56
      19.247     0.975000         1913        40.00
      20.655     0.978125         1919        45.71
      21.151     0.981250         1925        53.33
      21.855     0.984375         1931        64.00
      22.191     0.985938         1934        71.11
      23.023     0.987500         1937        80.00
      23.423     0.989062         1940        91.43
      23.711     0.990625         1943       106.67
      24.063     0.992188         1946       128.00
      24.239     0.992969         1948       142.22
      24.287     0.993750         1949       160.00
      24.303     0.994531         1951       182.86
      24.335     0.995313         1952       213.33
      24.607     0.996094         1954       256.00
      25.055     0.996484         1955       284.44
      25.055     0.996875         1955       320.00
      25.519     0.997266         1956       365.71
      25.999     0.997656         1957       426.67
      26.223     0.998047         1958       512.00
      26.223     0.998242         1958       568.89
      26.223     0.998437         1958       640.00
      31.007     0.998633         1959       731.43
      31.007     0.998828         1959       853.33
      35.327     0.999023         1960      1024.00
      35.327     0.999121         1960      1137.78
      35.327     0.999219         1960      1280.00
      35.327     0.999316         1960      1462.86
      35.327     0.999414         1960      1706.67
      35.615     0.999512         1961      2048.00
      35.615     1.000000         1961          inf
#[Mean    =       12.706, StdDeviation   =        2.206]
#[Max     =       35.584, Total count    =         1961]
#[Buckets =           27, SubBuckets     =         2048]
-----------------------------------------------------------------------
  2947 requests in 30.01s, 618.75KB read
Requests/sec:     98.19  
Transfer/sec:     20.62KB
