Running 30s test @ http://localhost:8080/wrk2-api/post/compose
  2 threads and 20 connections

  Thread calibration: mean lat.: 1469.377ms, rate sampling interval: 5648ms
  Thread calibration: mean lat.: 1370.294ms, rate sampling interval: 5365ms

-----------------------------------------------------------------------
Test Results @ http://localhost:8080/wrk2-api/post/compose 
  Thread Stats   Avg      Stdev     99%   +/- Stdev
    Latency     5.10s     1.17s    7.78s    69.22%
    Req/Sec   372.83     10.65   383.00     66.67%
  Latency Distribution (HdrHistogram - Recorded Latency)
 50.000%    5.38s 
 75.000%    5.80s 
 90.000%    6.36s 
 99.000%    7.78s 
 99.900%    8.05s 
 99.990%    8.18s 
 99.999%    8.19s 
100.000%    8.19s 

  Detailed Percentile spectrum:
       Value   Percentile   TotalCount 1/(1-Percentile)

    2056.191     0.000000            1         1.00
    3414.015     0.100000         1513         1.11
    3958.783     0.200000         3029         1.25
    4476.927     0.300000         4542         1.43
    5033.983     0.400000         6054         1.67
    5382.143     0.500000         7580         2.00
    5476.351     0.550000         8358         2.22
    5554.175     0.600000         9086         2.50
    5636.095     0.650000         9848         2.86
    5718.015     0.700000        10606         3.33
    5795.839     0.750000        11353         4.00
    5840.895     0.775000        11748         4.44
    5890.047     0.800000        12108         5.00
    5963.775     0.825000        12495         5.71
    6049.791     0.850000        12862         6.67
    6176.767     0.875000        13244         8.00
    6258.687     0.887500        13430         8.89
    6356.991     0.900000        13619        10.00
    6520.831     0.912500        13806        11.43
    6754.303     0.925000        13997        13.33
    6942.719     0.937500        14187        16.00
    6991.871     0.943750        14281        17.78
    7065.599     0.950000        14374        20.00
    7184.383     0.956250        14472        22.86
    7274.495     0.962500        14562        26.67
    7385.087     0.968750        14659        32.00
    7421.951     0.971875        14707        35.56
    7462.911     0.975000        14756        40.00
    7503.871     0.978125        14801        45.71
    7548.927     0.981250        14850        53.33
    7606.271     0.984375        14893        64.00
    7655.423     0.985938        14919        71.11
    7708.671     0.987500        14940        80.00
    7757.823     0.989062        14964        91.43
    7794.687     0.990625        14989       106.67
    7839.743     0.992188        15012       128.00
    7860.223     0.992969        15025       142.22
    7872.511     0.993750        15035       160.00
    7897.087     0.994531        15049       182.86
    7913.471     0.995313        15060       213.33
    7942.143     0.996094        15071       256.00
    7970.815     0.996484        15081       284.44
    7974.911     0.996875        15082       320.00
    7991.295     0.997266        15090       365.71
    8003.583     0.997656        15095       426.67
    8015.871     0.998047        15102       512.00
    8019.967     0.998242        15103       568.89
    8032.255     0.998437        15107       640.00
    8036.351     0.998633        15109       731.43
    8044.543     0.998828        15112       853.33
    8056.831     0.999023        15116      1024.00
    8056.831     0.999121        15116      1137.78
    8060.927     0.999219        15118      1280.00
    8077.311     0.999316        15119      1462.86
    8089.599     0.999414        15121      1706.67
    8101.887     0.999512        15122      2048.00
    8122.367     0.999561        15123      2275.56
    8134.655     0.999609        15124      2560.00
    8134.655     0.999658        15124      2925.71
    8159.231     0.999707        15126      3413.33
    8159.231     0.999756        15126      4096.00
    8159.231     0.999780        15126      4551.11
    8175.615     0.999805        15127      5120.00
    8175.615     0.999829        15127      5851.43
    8175.615     0.999854        15127      6826.67
    8179.711     0.999878        15128      8192.00
    8179.711     0.999890        15128      9102.22
    8179.711     0.999902        15128     10240.00
    8179.711     0.999915        15128     11702.86
    8179.711     0.999927        15128     13653.33
    8191.999     0.999939        15129     16384.00
    8191.999     1.000000        15129          inf
#[Mean    =     5099.580, StdDeviation   =     1165.333]
#[Max     =     8187.904, Total count    =        15129]
#[Buckets =           27, SubBuckets     =         2048]
-----------------------------------------------------------------------
  22043 requests in 30.01s, 4.52MB read
Requests/sec:    734.61  
Transfer/sec:    154.24KB
