Running 30s test @ http://localhost:8080/wrk2-api/post/compose
  2 threads and 20 connections

  Thread calibration: mean lat.: 2959.213ms, rate sampling interval: 10813ms
  Thread calibration: mean lat.: 2910.440ms, rate sampling interval: 10682ms

-----------------------------------------------------------------------
Test Results @ http://localhost:8080/wrk2-api/post/compose 
  Thread Stats   Avg      Stdev     99%   +/- Stdev
    Latency     7.19s     1.25s    9.27s    55.71%
    Req/Sec   352.50      0.50   353.00    100.00%
  Latency Distribution (HdrHistogram - Recorded Latency)
 50.000%    6.82s 
 75.000%    8.41s 
 90.000%    8.75s 
 99.000%    9.27s 
 99.900%    9.58s 
 99.990%    9.73s 
 99.999%    9.76s 
100.000%    9.76s 

  Detailed Percentile spectrum:
       Value   Percentile   TotalCount 1/(1-Percentile)

    4902.911     0.000000            2         1.00
    5718.015     0.100000         1460         1.11
    5918.719     0.200000         2929         1.25
    6094.847     0.300000         4384         1.43
    6311.935     0.400000         5855         1.67
    6819.839     0.500000         7296         2.00
    7782.399     0.550000         8031         2.22
    8036.351     0.600000         8763         2.50
    8187.903     0.650000         9507         2.86
    8302.591     0.700000        10227         3.33
    8413.183     0.750000        10992         4.00
    8462.335     0.775000        11333         4.44
    8519.679     0.800000        11730         5.00
    8568.831     0.825000        12066         5.71
    8626.175     0.850000        12446         6.67
    8683.519     0.875000        12783         8.00
    8716.287     0.887500        12972         8.89
    8749.055     0.900000        13141        10.00
    8790.015     0.912500        13333        11.43
    8830.975     0.925000        13506        13.33
    8880.127     0.937500        13694        16.00
    8904.703     0.943750        13775        17.78
    8929.279     0.950000        13861        20.00
    8970.239     0.956250        13976        22.86
    9003.007     0.962500        14057        26.67
    9035.775     0.968750        14141        32.00
    9060.351     0.971875        14191        35.56
    9084.927     0.975000        14237        40.00
    9101.311     0.978125        14272        45.71
    9142.271     0.981250        14327        53.33
    9175.039     0.984375        14366        64.00
    9199.615     0.985938        14394        71.11
    9224.191     0.987500        14410        80.00
    9248.767     0.989062        14435        91.43
    9273.343     0.990625        14456       106.67
    9314.303     0.992188        14482       128.00
    9322.495     0.992969        14490       142.22
    9347.071     0.993750        14502       160.00
    9371.647     0.994531        14511       182.86
    9396.223     0.995313        14524       213.33
    9428.991     0.996094        14540       256.00
    9428.991     0.996484        14540       284.44
    9445.375     0.996875        14545       320.00
    9469.951     0.997266        14551       365.71
    9486.335     0.997656        14556       426.67
    9502.719     0.998047        14562       512.00
    9527.295     0.998242        14565       568.89
    9543.679     0.998437        14570       640.00
    9551.871     0.998633        14572       731.43
    9568.255     0.998828        14573       853.33
    9576.447     0.999023        14576      1024.00
    9592.831     0.999121        14578      1137.78
    9609.215     0.999219        14580      1280.00
    9617.407     0.999316        14581      1462.86
    9625.599     0.999414        14582      1706.67
    9633.791     0.999512        14583      2048.00
    9641.983     0.999561        14584      2275.56
    9650.175     0.999609        14585      2560.00
    9666.559     0.999658        14586      2925.71
    9666.559     0.999707        14586      3413.33
    9674.751     0.999756        14587      4096.00
    9674.751     0.999780        14587      4551.11
    9691.135     0.999805        14588      5120.00
    9691.135     0.999829        14588      5851.43
    9691.135     0.999854        14588      6826.67
    9732.095     0.999878        14589      8192.00
    9732.095     0.999890        14589      9102.22
    9732.095     0.999902        14589     10240.00
    9732.095     0.999915        14589     11702.86
    9732.095     0.999927        14589     13653.33
    9756.671     0.999939        14590     16384.00
    9756.671     1.000000        14590          inf
#[Mean    =     7188.186, StdDeviation   =     1250.562]
#[Max     =     9748.480, Total count    =        14590]
#[Buckets =           27, SubBuckets     =         2048]
-----------------------------------------------------------------------
  22397 requests in 30.00s, 4.59MB read
Requests/sec:    746.55  
Transfer/sec:    156.75KB
