Running 30s test @ http://localhost:8080/wrk2-api/post/compose
  2 threads and 20 connections

  Thread calibration: mean lat.: 13.820ms, rate sampling interval: 38ms
  Thread calibration: mean lat.: 14.037ms, rate sampling interval: 39ms

-----------------------------------------------------------------------
Test Results @ http://localhost:8080/wrk2-api/post/compose 
  Thread Stats   Avg      Stdev     99%   +/- Stdev
    Latency    14.46ms    5.41ms  36.13ms   88.08%
    Req/Sec   150.39     62.35   307.00     69.18%
  Latency Distribution (HdrHistogram - Recorded Latency)
 50.000%   12.57ms
 75.000%   15.32ms
 90.000%   20.93ms
 99.000%   36.13ms
 99.900%   53.92ms
 99.990%   60.48ms
 99.999%   71.17ms
100.000%   71.17ms

  Detailed Percentile spectrum:
       Value   Percentile   TotalCount 1/(1-Percentile)

       8.119     0.000000            1         1.00
      10.663     0.100000          599         1.11
      11.231     0.200000         1192         1.25
      11.679     0.300000         1797         1.43
      12.095     0.400000         2384         1.67
      12.575     0.500000         2983         2.00
      12.863     0.550000         3280         2.22
      13.215     0.600000         3576         2.50
      13.751     0.650000         3876         2.86
      14.399     0.700000         4171         3.33
      15.319     0.750000         4471         4.00
      15.823     0.775000         4617         4.44
      16.495     0.800000         4766         5.00
      17.391     0.825000         4916         5.71
      18.223     0.850000         5064         6.67
      19.375     0.875000         5213         8.00
      20.079     0.887500         5287         8.89
      20.927     0.900000         5363        10.00
      21.775     0.912500         5436        11.43
      22.527     0.925000         5511        13.33
      23.807     0.937500         5586        16.00
      24.383     0.943750         5622        17.78
      25.119     0.950000         5660        20.00
      25.951     0.956250         5698        22.86
      26.751     0.962500         5734        26.67
      28.159     0.968750         5771        32.00
      29.247     0.971875         5790        35.56
      29.887     0.975000         5809        40.00
      30.655     0.978125         5827        45.71
      31.759     0.981250         5846        53.33
      33.151     0.984375         5864        64.00
      34.335     0.985938         5875        71.11
      34.815     0.987500         5883        80.00
      35.615     0.989062         5892        91.43
      36.991     0.990625         5902       106.67
      37.663     0.992188         5911       128.00
      39.647     0.992969         5916       142.22
      40.543     0.993750         5920       160.00
      42.239     0.994531         5925       182.86
      43.167     0.995313         5930       213.33
      44.191     0.996094         5934       256.00
      44.895     0.996484         5937       284.44
      45.599     0.996875         5939       320.00
      47.167     0.997266         5941       365.71
      48.895     0.997656         5944       426.67
      50.527     0.998047         5946       512.00
      51.039     0.998242         5947       568.89
      52.063     0.998437         5948       640.00
      52.095     0.998633         5949       731.43
      53.919     0.998828         5951       853.33
      54.143     0.999023         5952      1024.00
      54.143     0.999121         5952      1137.78
      56.095     0.999219         5953      1280.00
      56.095     0.999316         5953      1462.86
      57.439     0.999414         5954      1706.67
      60.127     0.999512         5955      2048.00
      60.127     0.999561         5955      2275.56
      60.127     0.999609         5955      2560.00
      60.127     0.999658         5955      2925.71
      60.479     0.999707         5956      3413.33
      60.479     0.999756         5956      4096.00
      60.479     0.999780         5956      4551.11
      60.479     0.999805         5956      5120.00
      60.479     0.999829         5956      5851.43
      71.167     0.999854         5957      6826.67
      71.167     1.000000         5957          inf
#[Mean    =       14.458, StdDeviation   =        5.407]
#[Max     =       71.104, Total count    =         5957]
#[Buckets =           27, SubBuckets     =         2048]
-----------------------------------------------------------------------
  8957 requests in 30.01s, 1.84MB read
Requests/sec:    298.46  
Transfer/sec:     62.67KB
