Running 30s test @ http://localhost:8080/wrk2-api/post/compose
  2 threads and 20 connections

  Thread calibration: mean lat.: 23.533ms, rate sampling interval: 85ms
  Thread calibration: mean lat.: 23.087ms, rate sampling interval: 81ms

-----------------------------------------------------------------------
Test Results @ http://localhost:8080/wrk2-api/post/compose 
  Thread Stats   Avg      Stdev     99%   +/- Stdev
    Latency    22.29ms   14.16ms  80.32ms   88.20%
    Req/Sec   251.13     55.21   388.00     72.71%
  Latency Distribution (HdrHistogram - Recorded Latency)
 50.000%   17.33ms
 75.000%   25.73ms
 90.000%   38.91ms
 99.000%   80.32ms
 99.900%  116.35ms
 99.990%  139.26ms
 99.999%  144.64ms
100.000%  144.64ms

  Detailed Percentile spectrum:
       Value   Percentile   TotalCount 1/(1-Percentile)

       8.059     0.000000            1         1.00
      11.567     0.100000         1001         1.11
      12.879     0.200000         1999         1.25
      14.191     0.300000         3002         1.43
      15.695     0.400000         3999         1.67
      17.327     0.500000         5000         2.00
      18.447     0.550000         5496         2.22
      19.791     0.600000         5997         2.50
      21.407     0.650000         6497         2.86
      23.343     0.700000         6994         3.33
      25.727     0.750000         7494         4.00
      27.263     0.775000         7749         4.44
      28.751     0.800000         7994         5.00
      30.655     0.825000         8245         5.71
      33.119     0.850000         8495         6.67
      35.647     0.875000         8744         8.00
      37.151     0.887500         8868         8.89
      38.911     0.900000         8995        10.00
      41.151     0.912500         9118        11.43
      43.615     0.925000         9242        13.33
      46.335     0.937500         9368        16.00
      48.031     0.943750         9430        17.78
      49.727     0.950000         9492        20.00
      52.447     0.956250         9554        22.86
      55.487     0.962500         9617        26.67
      58.719     0.968750         9679        32.00
      60.095     0.971875         9712        35.56
      61.663     0.975000         9743        40.00
      64.255     0.978125         9773        45.71
      68.479     0.981250         9805        53.33
      72.255     0.984375         9835        64.00
      74.111     0.985938         9852        71.11
      76.031     0.987500         9869        80.00
      77.823     0.989062         9882        91.43
      81.919     0.990625         9899       106.67
      85.119     0.992188         9913       128.00
      88.127     0.992969         9921       142.22
      89.599     0.993750         9929       160.00
      91.391     0.994531         9937       182.86
      94.911     0.995313         9946       213.33
      96.767     0.996094         9952       256.00
      99.455     0.996484         9956       284.44
     100.031     0.996875         9960       320.00
     102.655     0.997266         9964       365.71
     106.303     0.997656         9968       426.67
     107.967     0.998047         9972       512.00
     110.399     0.998242         9974       568.89
     111.935     0.998437         9976       640.00
     113.535     0.998633         9978       731.43
     115.903     0.998828         9980       853.33
     118.783     0.999023         9982      1024.00
     121.791     0.999121         9983      1137.78
     123.839     0.999219         9984      1280.00
     124.351     0.999316         9985      1462.86
     126.463     0.999414         9986      1706.67
     127.359     0.999512         9987      2048.00
     127.359     0.999561         9987      2275.56
     129.727     0.999609         9988      2560.00
     129.727     0.999658         9988      2925.71
     134.399     0.999707         9989      3413.33
     134.399     0.999756         9989      4096.00
     134.399     0.999780         9989      4551.11
     139.263     0.999805         9990      5120.00
     139.263     0.999829         9990      5851.43
     139.263     0.999854         9990      6826.67
     139.263     0.999878         9990      8192.00
     139.263     0.999890         9990      9102.22
     144.639     0.999902         9991     10240.00
     144.639     1.000000         9991          inf
#[Mean    =       22.286, StdDeviation   =       14.165]
#[Max     =      144.512, Total count    =         9991]
#[Buckets =           27, SubBuckets     =         2048]
-----------------------------------------------------------------------
  14971 requests in 30.00s, 3.07MB read
Requests/sec:    498.97  
Transfer/sec:    104.77KB
