Running 30s test @ http://localhost:8080/wrk2-api/post/compose
  1 threads and 20 connections

  Thread calibration: mean lat.: 12.805ms, rate sampling interval: 28ms

-----------------------------------------------------------------------
Test Results @ http://localhost:8080/wrk2-api/post/compose 
  Thread Stats   Avg      Stdev     99%   +/- Stdev
    Latency    12.59ms    2.19ms  22.48ms   89.19%
    Req/Sec    99.66     60.74   259.00     61.32%
  Latency Distribution (HdrHistogram - Recorded Latency)
 50.000%   12.33ms
 75.000%   13.11ms
 90.000%   13.91ms
 99.000%   22.48ms
 99.900%   26.50ms
 99.990%   36.35ms
 99.999%   36.35ms
100.000%   36.35ms

  Detailed Percentile spectrum:
       Value   Percentile   TotalCount 1/(1-Percentile)

       7.907     0.000000            1         1.00
      10.751     0.100000          200         1.11
      11.343     0.200000          396         1.25
      11.687     0.300000          592         1.43
      11.991     0.400000          788         1.67
      12.327     0.500000          983         2.00
      12.479     0.550000         1083         2.22
      12.607     0.600000         1180         2.50
      12.767     0.650000         1279         2.86
      12.927     0.700000         1375         3.33
      13.111     0.750000         1474         4.00
      13.215     0.775000         1521         4.44
      13.335     0.800000         1570         5.00
      13.455     0.825000         1621         5.71
      13.575     0.850000         1669         6.67
      13.703     0.875000         1717         8.00
      13.815     0.887500         1742         8.89
      13.911     0.900000         1767        10.00
      14.087     0.912500         1791        11.43
      14.247     0.925000         1815        13.33
      14.503     0.937500         1840        16.00
      14.719     0.943750         1852        17.78
      15.407     0.950000         1864        20.00
      16.783     0.956250         1877        22.86
      17.439     0.962500         1889        26.67
      18.095     0.968750         1901        32.00
      18.751     0.971875         1907        35.56
      19.663     0.975000         1913        40.00
      20.351     0.978125         1920        45.71
      20.863     0.981250         1926        53.33
      21.519     0.984375         1932        64.00
      21.855     0.985938         1935        71.11
      22.015     0.987500         1938        80.00
      22.223     0.989062         1941        91.43
      22.751     0.990625         1944       106.67
      23.503     0.992188         1947       128.00
      23.919     0.992969         1949       142.22
      24.159     0.993750         1950       160.00
      24.687     0.994531         1952       182.86
      24.847     0.995313         1953       213.33
      25.055     0.996094         1955       256.00
      25.119     0.996484         1956       284.44
      25.119     0.996875         1956       320.00
      25.439     0.997266         1958       365.71
      25.439     0.997656         1958       426.67
      25.519     0.998047         1959       512.00
      25.519     0.998242         1959       568.89
      25.519     0.998437         1959       640.00
      26.495     0.998633         1960       731.43
      26.495     0.998828         1960       853.33
      32.991     0.999023         1961      1024.00
      32.991     0.999121         1961      1137.78
      32.991     0.999219         1961      1280.00
      32.991     0.999316         1961      1462.86
      32.991     0.999414         1961      1706.67
      36.351     0.999512         1962      2048.00
      36.351     1.000000         1962          inf
#[Mean    =       12.593, StdDeviation   =        2.186]
#[Max     =       36.320, Total count    =         1962]
#[Buckets =           27, SubBuckets     =         2048]
-----------------------------------------------------------------------
  3000 requests in 30.01s, 629.88KB read
Requests/sec:     99.97  
Transfer/sec:     20.99KB
