Running 30s test @ http://node0:8080/wrk2-api/post/compose
  4 threads and 20 connections

  Thread calibration: mean lat.: 1262.566ms, rate sampling interval: 4804ms
  Thread calibration: mean lat.: 1399.713ms, rate sampling interval: 5214ms
  Thread calibration: mean lat.: 1229.736ms, rate sampling interval: 4612ms
  Thread calibration: mean lat.: 1314.294ms, rate sampling interval: 5013ms

-----------------------------------------------------------------------
Test Results @ http://node0:8080/wrk2-api/post/compose 
  Thread Stats   Avg      Stdev     99%   +/- Stdev
    Latency     5.25s     1.51s    8.54s    65.57%
    Req/Sec   176.64      6.90   185.00     78.57%
  Latency Distribution (HdrHistogram - Recorded Latency)
 50.000%    5.47s 
 75.000%    6.19s 
 90.000%    7.23s 
 99.000%    8.54s 
 99.900%    9.19s 
 99.990%    9.30s 
 99.999%    9.31s 
100.000%    9.31s 

  Detailed Percentile spectrum:
       Value   Percentile   TotalCount 1/(1-Percentile)

    1969.151     0.000000            1         1.00
    3131.391     0.100000         1411         1.11
    3733.503     0.200000         2803         1.25
    4349.951     0.300000         4208         1.43
    4952.063     0.400000         5602         1.67
    5472.255     0.500000         7010         2.00
    5664.767     0.550000         7719         2.22
    5816.319     0.600000         8407         2.50
    5939.199     0.650000         9115         2.86
    6053.887     0.700000         9821         3.33
    6193.151     0.750000        10508         4.00
    6270.975     0.775000        10862         4.44
    6373.375     0.800000        11214         5.00
    6516.735     0.825000        11571         5.71
    6692.863     0.850000        11905         6.67
    6905.855     0.875000        12257         8.00
    7049.215     0.887500        12432         8.89
    7225.343     0.900000        12610        10.00
    7409.663     0.912500        12783        11.43
    7634.943     0.925000        12962        13.33
    7782.399     0.937500        13138        16.00
    7827.455     0.943750        13219        17.78
    7909.375     0.950000        13307        20.00
    7999.487     0.956250        13394        22.86
    8089.599     0.962500        13486        26.67
    8159.231     0.968750        13569        32.00
    8204.287     0.971875        13612        35.56
    8249.343     0.975000        13656        40.00
    8290.303     0.978125        13704        45.71
    8318.975     0.981250        13743        53.33
    8355.839     0.984375        13789        64.00
    8380.415     0.985938        13809        71.11
    8429.567     0.987500        13830        80.00
    8503.295     0.989062        13854        91.43
    8552.447     0.990625        13874       106.67
    8601.599     0.992188        13901       128.00
    8634.367     0.992969        13908       142.22
    8667.135     0.993750        13918       160.00
    8716.287     0.994531        13932       182.86
    8757.247     0.995313        13941       213.33
    8822.783     0.996094        13951       256.00
    8863.743     0.996484        13957       284.44
    8896.511     0.996875        13963       320.00
    8921.087     0.997266        13967       365.71
    8953.855     0.997656        13973       426.67
    9035.775     0.998047        13978       512.00
    9068.543     0.998242        13981       568.89
    9117.695     0.998437        13985       640.00
    9134.079     0.998633        13986       731.43
    9166.847     0.998828        13989       853.33
    9207.807     0.999023        13992      1024.00
    9224.191     0.999121        13994      1137.78
    9248.767     0.999219        13996      1280.00
    9248.767     0.999316        13996      1462.86
    9256.959     0.999414        13997      1706.67
    9273.343     0.999512        14001      2048.00
    9273.343     0.999561        14001      2275.56
    9273.343     0.999609        14001      2560.00
    9273.343     0.999658        14001      2925.71
    9273.343     0.999707        14001      3413.33
    9297.919     0.999756        14004      4096.00
    9297.919     0.999780        14004      4551.11
    9297.919     0.999805        14004      5120.00
    9297.919     0.999829        14004      5851.43
    9297.919     0.999854        14004      6826.67
    9297.919     0.999878        14004      8192.00
    9297.919     0.999890        14004      9102.22
    9297.919     0.999902        14004     10240.00
    9297.919     0.999915        14004     11702.86
    9297.919     0.999927        14004     13653.33
    9306.111     0.999939        14005     16384.00
    9306.111     1.000000        14005          inf
#[Mean    =     5253.077, StdDeviation   =     1512.137]
#[Max     =     9297.920, Total count    =        14005]
#[Buckets =           27, SubBuckets     =         2048]
-----------------------------------------------------------------------
  21337 requests in 30.01s, 4.37MB read
Requests/sec:    711.08  
Transfer/sec:    149.30KB
