Running 30s test @ http://node0:8080/wrk2-api/post/compose
  5 threads and 20 connections

  Thread calibration: mean lat.: 962.759ms, rate sampling interval: 3940ms
  Thread calibration: mean lat.: 1047.483ms, rate sampling interval: 4122ms
  Thread calibration: mean lat.: 1067.710ms, rate sampling interval: 4472ms
  Thread calibration: mean lat.: 903.812ms, rate sampling interval: 4239ms
  Thread calibration: mean lat.: 1053.903ms, rate sampling interval: 4251ms

-----------------------------------------------------------------------
Test Results @ http://node0:8080/wrk2-api/post/compose 
  Thread Stats   Avg      Stdev     99%   +/- Stdev
    Latency     4.98s     1.59s    8.20s    63.77%
    Req/Sec   140.76      2.24   145.00     90.48%
  Latency Distribution (HdrHistogram - Recorded Latency)
 50.000%    5.12s 
 75.000%    6.23s 
 90.000%    6.90s 
 99.000%    8.20s 
 99.900%    8.67s 
 99.990%    8.80s 
 99.999%    8.81s 
100.000%    8.81s 

  Detailed Percentile spectrum:
       Value   Percentile   TotalCount 1/(1-Percentile)

    1449.983     0.000000            1         1.00
    2818.047     0.100000         1420         1.11
    3395.583     0.200000         2824         1.25
    3950.591     0.300000         4236         1.43
    4538.367     0.400000         5650         1.67
    5115.903     0.500000         7061         2.00
    5419.007     0.550000         7778         2.22
    5644.287     0.600000         8480         2.50
    5844.991     0.650000         9185         2.86
    6033.407     0.700000         9892         3.33
    6225.919     0.750000        10607         4.00
    6311.935     0.775000        10954         4.44
    6410.239     0.800000        11298         5.00
    6524.927     0.825000        11649         5.71
    6635.519     0.850000        12006         6.67
    6774.783     0.875000        12356         8.00
    6828.031     0.887500        12540         8.89
    6897.663     0.900000        12712        10.00
    7000.063     0.912500        12889        11.43
    7151.615     0.925000        13062        13.33
    7397.375     0.937500        13239        16.00
    7475.199     0.943750        13326        17.78
    7553.023     0.950000        13416        20.00
    7639.039     0.956250        13506        22.86
    7733.247     0.962500        13596        26.67
    7835.647     0.968750        13682        32.00
    7872.511     0.971875        13726        35.56
    7905.279     0.975000        13770        40.00
    7942.143     0.978125        13813        45.71
    7983.103     0.981250        13860        53.33
    8024.063     0.984375        13900        64.00
    8069.119     0.985938        13922        71.11
    8126.463     0.987500        13947        80.00
    8183.807     0.989062        13968        91.43
    8216.575     0.990625        13990       106.67
    8290.303     0.992188        14010       128.00
    8314.879     0.992969        14022       142.22
    8335.359     0.993750        14032       160.00
    8368.127     0.994531        14043       182.86
    8421.375     0.995313        14056       213.33
    8445.951     0.996094        14065       256.00
    8478.719     0.996484        14071       284.44
    8503.295     0.996875        14077       320.00
    8552.447     0.997266        14084       365.71
    8585.215     0.997656        14087       426.67
    8617.983     0.998047        14093       512.00
    8642.559     0.998242        14097       568.89
    8650.751     0.998437        14101       640.00
    8650.751     0.998633        14101       731.43
    8667.135     0.998828        14106       853.33
    8675.327     0.999023        14107      1024.00
    8683.519     0.999121        14109      1137.78
    8683.519     0.999219        14109      1280.00
    8708.095     0.999316        14112      1462.86
    8708.095     0.999414        14112      1706.67
    8724.479     0.999512        14114      2048.00
    8724.479     0.999561        14114      2275.56
    8749.055     0.999609        14115      2560.00
    8765.439     0.999658        14116      2925.71
    8765.439     0.999707        14116      3413.33
    8781.823     0.999756        14117      4096.00
    8781.823     0.999780        14117      4551.11
    8790.015     0.999805        14118      5120.00
    8790.015     0.999829        14118      5851.43
    8790.015     0.999854        14118      6826.67
    8798.207     0.999878        14119      8192.00
    8798.207     0.999890        14119      9102.22
    8798.207     0.999902        14119     10240.00
    8798.207     0.999915        14119     11702.86
    8798.207     0.999927        14119     13653.33
    8814.591     0.999939        14120     16384.00
    8814.591     1.000000        14120          inf
#[Mean    =     4984.238, StdDeviation   =     1590.734]
#[Max     =     8806.400, Total count    =        14120]
#[Buckets =           27, SubBuckets     =         2048]
-----------------------------------------------------------------------
  21830 requests in 30.01s, 4.48MB read
Requests/sec:    727.44  
Transfer/sec:    152.73KB
