Running 30s test @ http://node0:8080/wrk2-api/post/compose
  3 threads and 20 connections

  Thread calibration: mean lat.: 1236.936ms, rate sampling interval: 4853ms
  Thread calibration: mean lat.: 1423.290ms, rate sampling interval: 5574ms
  Thread calibration: mean lat.: 1375.766ms, rate sampling interval: 5513ms

-----------------------------------------------------------------------
Test Results @ http://node0:8080/wrk2-api/post/compose 
  Thread Stats   Avg      Stdev     99%   +/- Stdev
    Latency     5.42s     1.30s    8.06s    62.50%
    Req/Sec   236.50      3.38   241.00     70.00%
  Latency Distribution (HdrHistogram - Recorded Latency)
 50.000%    5.43s 
 75.000%    6.03s 
 90.000%    7.48s 
 99.000%    8.06s 
 99.900%    8.25s 
 99.990%    8.38s 
 99.999%    8.42s 
100.000%    8.42s 

  Detailed Percentile spectrum:
       Value   Percentile   TotalCount 1/(1-Percentile)

    2516.991     0.000000            1         1.00
    3688.447     0.100000         1415         1.11
    4157.439     0.200000         2817         1.25
    4743.167     0.300000         4226         1.43
    5214.207     0.400000         5648         1.67
    5431.295     0.500000         7070         2.00
    5521.407     0.550000         7760         2.22
    5615.615     0.600000         8458         2.50
    5718.015     0.650000         9158         2.86
    5836.799     0.700000         9873         3.33
    6029.311     0.750000        10571         4.00
    6254.591     0.775000        10916         4.44
    6569.983     0.800000        11275         5.00
    6828.031     0.825000        11620         5.71
    7090.175     0.850000        11973         6.67
    7315.455     0.875000        12331         8.00
    7401.471     0.887500        12500         8.89
    7483.391     0.900000        12681        10.00
    7553.023     0.912500        12856        11.43
    7610.367     0.925000        13034        13.33
    7684.095     0.937500        13212        16.00
    7720.959     0.943750        13297        17.78
    7757.823     0.950000        13382        20.00
    7794.687     0.956250        13474        22.86
    7831.551     0.962500        13561        26.67
    7872.511     0.968750        13647        32.00
    7901.183     0.971875        13694        35.56
    7925.759     0.975000        13733        40.00
    7950.335     0.978125        13780        45.71
    7979.007     0.981250        13824        53.33
    8003.583     0.984375        13864        64.00
    8024.063     0.985938        13890        71.11
    8036.351     0.987500        13909        80.00
    8048.639     0.989062        13932        91.43
    8069.119     0.990625        13955       106.67
    8085.503     0.992188        13975       128.00
    8093.695     0.992969        13985       142.22
    8110.079     0.993750        13996       160.00
    8126.463     0.994531        14009       182.86
    8146.943     0.995313        14018       213.33
    8171.519     0.996094        14031       256.00
    8179.711     0.996484        14035       284.44
    8187.903     0.996875        14041       320.00
    8204.287     0.997266        14046       365.71
    8212.479     0.997656        14051       426.67
    8220.671     0.998047        14057       512.00
    8228.863     0.998242        14061       568.89
    8232.959     0.998437        14064       640.00
    8237.055     0.998633        14065       731.43
    8241.151     0.998828        14069       853.33
    8245.247     0.999023        14071      1024.00
    8253.439     0.999121        14074      1137.78
    8253.439     0.999219        14074      1280.00
    8257.535     0.999316        14075      1462.86
    8261.631     0.999414        14076      1706.67
    8278.015     0.999512        14078      2048.00
    8278.015     0.999561        14078      2275.56
    8282.111     0.999609        14079      2560.00
    8294.399     0.999658        14080      2925.71
    8294.399     0.999707        14080      3413.33
    8327.167     0.999756        14081      4096.00
    8327.167     0.999780        14081      4551.11
    8368.127     0.999805        14082      5120.00
    8368.127     0.999829        14082      5851.43
    8368.127     0.999854        14082      6826.67
    8384.511     0.999878        14083      8192.00
    8384.511     0.999890        14083      9102.22
    8384.511     0.999902        14083     10240.00
    8384.511     0.999915        14083     11702.86
    8384.511     0.999927        14083     13653.33
    8421.375     0.999939        14084     16384.00
    8421.375     1.000000        14084          inf
#[Mean    =     5420.348, StdDeviation   =     1298.970]
#[Max     =     8413.184, Total count    =        14084]
#[Buckets =           27, SubBuckets     =         2048]
-----------------------------------------------------------------------
  21007 requests in 30.01s, 4.31MB read
Requests/sec:    700.11  
Transfer/sec:    147.00KB
